R1
[0.998930636993022, 0.01188039125267419, 0.04468152616461246;
 -0.01179137054267973, 0.9999279358245515, -0.002255379874078198;
 -0.04470510102259909, 0.001726111622854748, 0.9989987359757891]
R2
[0.9978479916161789, 0.02411170808703085, 0.06097549639555348;
 -0.02429122285408774, 0.9997024943436796, 0.002204380928514113;
 -0.06090420445101791, -0.003680806453857872, 0.9981368290690599]
P1
[845.3447277120608, 0, 287.5561294555664, 0;
 0, 845.3447277120608, 249.6540622711182, 0;
 0, 0, 1, 0]
P2
[845.3447277120608, 0, 268.3326721191406, -61158.68571928128;
 0, 845.3447277120608, 249.6540622711182, 0;
 0, 0, 1, 0]
Q
[1, 0, 0, -287.5561294555664;
 0, 1, 0, -249.6540622711182;
 0, 0, 0, 845.3447277120608;
 0, 0, 0.01382215326850217, -0.2657095736545896]
