R1
[0.9998185108817749, -0.001922814171381569, 0.01895384087230127;
 0.002024331692072648, 0.9999837021349004, -0.005338309262221463;
 -0.01894326738845901, 0.005375709277944936, 0.9998061083882258]
R2
[0.9997677653243362, 0.02135445476389264, -0.002898737676996117;
 -0.02133838463015903, 0.999757368863666, 0.005465962328352766;
 0.003014756998261555, -0.00540283856287059, 0.9999808601046849]
P1
[842.5278617237811, 0, 300.4606246948242, 0;
 0, 842.5278617237811, 245.1771659851074, 0;
 0, 0, 1, 0]
P2
[842.5278617237811, 0, 330.4860610961914, -116075.8379593287;
 0, 842.5278617237811, 245.1771659851074, 0;
 0, 0, 1, 0]
Q
[1, 0, 0, -300.4606246948242;
 0, 1, 0, -245.1771659851074;
 0, 0, 0, 842.5278617237811;
 0, 0, 0.007258425840690386, 0.2179374034536893]
