R1
[0.9994408795570064, -0.01032889374956785, -0.03180003497211441;
 0.01044477058911501, 0.9999393964785512, 0.00347996227737916;
 0.03176216361739734, -0.003810160629338583, 0.9994881928458785]
R2
[0.9979284447825786, -0.01715135112091881, -0.06200524371818163;
 0.01696508732613832, 0.9998498537918283, -0.003529261179969798;
 0.06205646546364564, 0.002470025746201364, 0.9980695837800951]
P1
[844.7766494197924, 0, 359.0448760986328, 0;
 0, 844.7766494197924, 250.0286407470703, 0;
 0, 0, 1, 0]
P2
[844.7766494197924, 0, 379.0839233398438, -57742.3168936286;
 0, 844.7766494197924, 250.0286407470703, 0;
 0, 0, 1, 0]
Q
[1, 0, 0, -359.0448760986328;
 0, 1, 0, -250.0286407470703;
 0, 0, 0, 844.7766494197924;
 0, 0, 0.01463011349156665, 0.2931735354017815]
