R1
[0.9994982751200826, 0.02219650188841029, 0.02259454217057121;
 -0.02188098082673192, 0.9996609056074697, -0.01411724045674454;
 -0.02290023384247662, 0.01361576674194856, 0.9996450320918863]
R2
[0.9997323454739854, -0.01492807605014462, 0.01767455681269557;
 0.01468019743368878, 0.9997932103438252, 0.01407225474809798;
 -0.01788097358624581, -0.01380902226186009, 0.9997447582697191]
P1
[846.024283164568, 0, 305.7160263061523, 0;
 0, 846.024283164568, 252.3229503631592, 0;
 0, 0, 1, 0]
P2
[846.024283164568, 0, 297.8116989135742, -116283.5476448322;
 0, 846.024283164568, 252.3229503631592, 0;
 0, 0, 1, 0]
Q
[1, 0, 0, -305.7160263061523;
 0, 1, 0, -252.3229503631592;
 0, 0, 0, 846.024283164568;
 0, 0, 0.00727552865645793, -0.05750816045472754]
